<?xml version="1.0"?>
<opencv_storage>
<calibration_Time>"05/07/14 11:03:10"</calibration_Time>
<nrOfFrames>30</nrOfFrames>
<image_Width>640</image_Width>
<image_Height>480</image_Height>
<board_Width>9</board_Width>
<board_Height>6</board_Height>
<square_Size>25.</square_Size>
<FixAspectRatio>1.</FixAspectRatio>
<!-- flags:  +fix_aspectRatio +fix_principal_point +zero_tangent_dist -->
<flagValue>14</flagValue>
<camera_matrix type_id="opencv-matrix">
  <rows>3</rows>
  <cols>3</cols>
  <dt>d</dt>
  <data>
    5.7555578015698745e+002 0. 3.1950000000000000e+002 0.
    5.7555578015698745e+002 2.3950000000000000e+002 0. 0. 1.</data></camera_matrix>
<distortion_coefficients type_id="opencv-matrix">
  <rows>5</rows>
  <cols>1</cols>
  <dt>d</dt>
  <data>
    1.8259781004289455e-001 -1.5061076973791570e+000 0. 0.
    3.1019580568691119e+000</data></distortion_coefficients>
<Avg_Reprojection_Error>5.8008895661471682e-001</Avg_Reprojection_Error>
<Per_View_Reprojection_Errors type_id="opencv-matrix">
  <rows>30</rows>
  <cols>1</cols>
  <dt>f</dt>
  <data>
    3.63607198e-001 3.27245206e-001 2.85516381e-001 3.21126640e-001
    5.16027808e-001 4.70199585e-001 2.69648969e-001 3.29787165e-001
    2.54770190e-001 7.09445000e-001 7.53920019e-001 6.81456268e-001
    3.64608258e-001 5.79317033e-001 8.42822850e-001 5.47935307e-001
    4.74314988e-001 3.37034374e-001 5.41138589e-001 7.21551061e-001
    5.84213078e-001 7.77792931e-001 1.02143824e+000 7.16029346e-001
    6.68407679e-001 4.91577238e-001 7.38448739e-001 6.43879056e-001
    5.49499989e-001 5.63555002e-001</data></Per_View_Reprojection_Errors>
<!-- a set of 6-tuples (rotation vector + translation vector) for each view -->
<Extrinsic_Parameters type_id="opencv-matrix">
  <rows>30</rows>
  <cols>6</cols>
  <dt>d</dt>
  <data>
    3.2983533697469247e-001 6.4860836768767349e-001
    2.9825404087309808e+000 2.2127773095767699e+002
    8.8944478603039798e+001 4.3666823606783856e+002
    2.8815508015240732e-001 6.6549370611748337e-001
    2.9809652237870088e+000 2.1832166996828110e+002
    8.9605493574010993e+001 4.4353783499545983e+002
    1.4423000356315244e-001 6.6220670922642733e-001
    2.9852253459481739e+000 1.5835694864943844e+002
    7.8204245416705632e+001 4.5381078752239836e+002
    -3.0771209348448320e-001 3.4753887558912960e-001
    3.0380113095845185e+000 3.7135591808720385e+001
    5.5665804330000277e+001 5.0663386294604692e+002
    -4.9252440066482656e-001 -2.0698797401388810e-001
    2.9763368729924218e+000 -1.1815761479903903e+001
    -4.5684594866582664e+001 5.5229986323896003e+002
    -5.2528280329732724e-001 -3.8747428521360766e-001
    2.9887085787153445e+000 -1.0863278503448392e+001
    -5.0785717327237307e+001 5.4465493727987041e+002
    -4.3177156272758110e-001 -3.1494706845611237e-001
    3.0215999557852697e+000 1.2474275310016685e+001
    -4.4736306265505775e+001 5.5092437754517562e+002
    2.4365819344326335e-002 5.4988123886818907e-001
    -2.9500625572376880e+000 1.8953906551867854e+002
    -1.3493082013601564e+001 5.6306135147899136e+002
    -3.2839750988008731e-001 2.7319445551991439e-001
    -2.6787326431264638e+000 2.0377767328038163e+002
    4.2780243935280204e+001 5.0346919504828611e+002
    -6.4861296205001184e-001 -7.3579701117549123e-001
    -2.2625947008110958e+000 1.1507548009683890e+002
    5.7217603592373017e+001 3.4410031846941996e+002
    -6.7040713107322358e-001 -7.2689167438384272e-001
    -2.3131611036518942e+000 7.5579062059043551e+001
    4.4774408544542354e+001 3.5043692623175275e+002
    -5.3172596288353824e-001 -7.4338824858994845e-001
    -2.4439149110421545e+000 8.7925886767496976e+001
    5.9222807782451866e+001 3.3612220937092030e+002
    4.4185627330368177e-001 1.3947609213288695e-001
    -3.0470369345555937e+000 5.8727343521519408e+001
    1.4359765370824954e+001 4.8661429287996253e+002
    1.3051256840137399e-001 1.0304245704404982e+000
    -2.7930923109357497e+000 1.1245354950741509e+002
    4.3901859268683772e+001 4.5968248506362465e+002
    4.4585488893923247e-001 9.6215848167931017e-001
    -2.3442811748127781e+000 3.3612467237129565e+001
    8.1488836737169066e+001 4.7070645768521302e+002
    4.1317495500906093e-001 4.9659228158270352e-001
    -2.1031846037994462e+000 -7.5606084120740160e+000
    1.1337846887697026e+002 4.2848760840821456e+002
    4.1190235033795441e-001 3.6640617707064183e-001
    -2.0833756108201298e+000 -2.0887588108485602e+001
    1.1183519201101156e+002 4.0984424224262938e+002
    2.4727714254673744e-001 3.3126113786963907e-001
    -2.1521707797804748e+000 -3.2519981419240005e+000
    1.0638783664881407e+002 3.9675807193545597e+002
    -1.3454591430901192e-001 1.2498713248326332e-001
    -2.1639505898033482e+000 2.5365157495135775e+000
    1.3480422688963853e+002 3.6026462785263573e+002
    -4.2135996482926202e-001 -3.6419556483046189e-001
    -1.9676733277594503e+000 1.7860412168511953e+001
    1.1427334507035150e+002 3.2340072279293969e+002
    -4.2550471753387104e-001 -3.9795774871754458e-001
    -1.8820143751380980e+000 3.3665035629494490e+001
    7.3852815202483100e+001 3.2846291624099177e+002
    -9.2086587084766525e-002 -6.3768325786098123e-001
    -1.7947999818427505e+000 -3.4850196108152431e+001
    8.3979936536371213e+001 3.0901535137609034e+002
    4.5465198171821575e-001 -1.0977268565764691e+000
    -1.7007469855565354e+000 2.4019854661765763e+000
    7.8062405986382785e+001 2.7690185226181819e+002
    3.5106892847959481e-001 -7.3019187847071609e-001
    -1.6835067764611238e+000 2.2561974984294939e+000
    1.3872123460603638e+002 3.4468990088332049e+002
    2.6582437965105198e-002 -3.3701420531883536e-001
    -1.7910476677403886e+000 4.7663832976317110e+001
    1.1587155765860994e+002 3.8582511747597357e+002
    -4.9395709769082763e-001 4.4855227081404569e-001
    -1.6117463530023426e+000 2.3188678693322782e+001
    1.2074680377806415e+002 4.7993739381598203e+002
    -4.5836394063435171e-001 4.0599660227868434e-001
    -1.6507490899351647e+000 6.5754935383478488e+000
    1.1760222413640460e+002 4.6636002329846337e+002
    -3.3816495036114957e-001 2.4766552501384476e-001
    -1.7581801805514854e+000 8.0119666157356249e+001
    1.2428564162643680e+002 4.5894916454613525e+002
    6.9001094078082692e-002 9.5225675836994961e-001
    2.8839601650649378e+000 1.1925288873309917e+002
    6.3383605448983943e+001 3.3145027078409555e+002
    1.0597549331679565e-001 9.4655609448104305e-001
    2.8013478037465323e+000 1.2177621620183187e+002
    4.8844984235802706e+001 3.3408984117425348e+002</data></Extrinsic_Parameters>
